1
2
3
4
5
6
7
8
9
10
12
13
14
15
16
17
18
20
21
22
23
24
25
26
27
28
30
32
33
34
35
36
37
38
39
40
41
43
45
46
47
48
49
50
51
52
53
54
55
56
57
58
59
60
61
62
63
64
65
66
67
69
71
72
73
74
75
76
77
78
79
80
81
82
84
85
87
88
89
90
93
94
95
96
97
98
99
101
103
105
106
107
108
109
110
111
112
114
116
117
118
119
120
121
122
124
125
126
127
128
226
232
259
262
296
304
308
337
397
401
426
443
445
450
466
480
513
533
534
597
624
631
632
638
642
646
649
651
653
654
657
658
659
660
661
662
663
664
665
667
668
669
670
671
673
674
675
676
677
678
681
682
684
685
688
689
695
696
697
698
699
701
703
707
710
712
713
729
734
745
751
781
793
794
798
799
801
812
813
817
818
819
820
821
822
823
824
825
826
828
829
830
831
832
833
834
835
837
838
839
840
841
842
843
844
845
846
847
848
849
850
851
853
857
858
859
861
862
864
866
867
868
870
872
873
874
876
877
879
880
881
882
889
891
893
894
895
896
897
898
903
905
923
931
932
934
935
937
939
943
944
954
955
956
957
959
960
985
987
988
991
995
998
999
1003
1005
1006
1007
1011
1012
1013
1014
1015
1016
1018
1019
1020
1021
1023
1024
1025
1026
1027
1028
1029
1030
1031
1033
1035
1037
1038
1039
1040
1041
1042
1043
1045
1046
1047
1048
1052
1053
1054
1055
1056
1058
1062
1063
1066
1068
1069
1071
1072
1075
1077
1078
1080
1081
1082
1083
1084
1085
1086
1087
1088
1089
1090
1091
1092
1093
1094

11
19
29
113
115
169
278
301
316
317
321
324
325
338
341
357
369
372
377
381
383
384
386
388
389
396
400
402
405
419
422
423
425
429
431
435
444
451
460
464
467
468
476
477
479
482
489
494
524
543
625
810
811

31
44
70
83
86
92
100
102
305
309
315
320
326
327
328
331
334
340
344
345
351
355
358
360
362
365
370
371
375
376
380
382
391
392
393
394
395
398
403
404
408
421
424
433
436
439
440
441
519
528
591

42
68
91
104
123
129
149
153
156
176
183
189
243
244
256
271
656
852
865
909

130
131
132
133
134
137
141
142
145
147
154
160
162
164
166
168
170
171
172
174
175
177
178
185
187
188
191
192
193
194
196
198
200
201
203
204
205
206
207
209
211
212
213
214
216
217
218
219
220
221
222
225
227
228
231
234
235
240
241
245
248
250
253
254
255
258
260
264
266
268
269
272
274
275
276
279
283
285
294
295
297
298
299
300
302
303
306
307
311
312
313
314
319
322
332
339
346
347
350
353
361
363
406
411
413
414
416
420
428
430
437
438
442
446
447
452
453
454
457
465
469
470
471
472
473
474
475
481
483
485
487
490
491
492
493
495
496
497
498
499
500
501
502
503
504
505
506
507
508
509
512
514
515
516
517
520
523
526
527
529
530
531
532
535
536
537
538
539
540
541
542
544
545
546
547
548
553
554
555
556
557
558
559
563
564
565
566
567
568
569
570
571
572
573
574
575
576
577
578
579
580
581
582
583
584
586
587
588
589
590
592
593
594
595
596
598
599
600
601
602
603
604
605
606
607
608
609
610
611
612
613
614
615
616
619
621
622
626
627
629
633
636
637
639
640
641
643
644
652
679
680
683
687
692
715
718
719
720
721
722
723
724
725
726
727
736
737
738
739
741
743
748
749
750
752
753
754
755
756
757
758
759
760
764
766
767
770
771
774
778
780
784
786
791
792
795
796
797
800
802
803
804
805
806
807
809
814
815
816
827
836
854
855
856
860
869
871
875
883
884
885
886
887
888
890
892
900
907
908
910
911
912
913
914
915
917
918
919
920
921
922
924
929
930
933
936
940
941
942
945
946
947
948
949
950
952
953
958
961
962
963
964
965
966
967
968
969
970
971
972
973
974
975
976
977
978
979
980
981
982
983
986
989
990
992
993
994
996
997
1000
1001
1002
1004
1008
1009
1010
1017
1022
1032
1034
1036
1044
1049
1050
1051
1057
1059
1060
1061
1064
1065
1070
1073
1074
1076

135
136
138
146
155
157
158
161
165
167
173
179
182
186
197
199
202
242
486
550
551
552
560
562
620
761
763

139
140
143
144
148
150
151
159
163
180
181
184
195
208
210
215
224
229
230
233
236
238
246
247
249
251
252
257
261
263
265
267
270
273
284
286
287
288
289
293
335
336
342
343
348
349
352
356
359
364
366
368
373
374
379
385
387
390
399
407
409
410
412
415
417
418
432
448
449
455
456
458
459
461
462
463
478
488
510
511
518
521
617
618
634
645
647
650
666
672
686
690
691
693
694
711
714
716
717
728
742
746
747
762
765
768
769
772
773
775
776
777
779
782
785
787
788
789
790
863
899
901
902
904
906
1079
1095

152
190
223
237
239
277
280
281
282
290
291
292
310
318
323
329
330
333
354
367
378
427
434
484
522
525
549
561
585
623
628
630
635
648
655
700
702
704
705
706
708
709
730
731
732
733
735
740
744
783
808
878
916
925
926
927
928
938
951
984
1067

